{
 "cells": [
  {
   "cell_type": "markdown",
   "metadata": {},
   "source": [
    "#### Model taken from:\n",
    "- [1] Offshore Pipelaying Dynamics. Gullik Anthon Jensen \n",
    "- [2] A nonlinear PDE formulation for offshore vessel pipeline installation. Gullik A. Jensen et al \n",
    "- [3] Modeling and Control of Offshore Pipelay Operations Based on a Finite Strain Pipe Model. Gullik A. Jensen "
   ]
  },
  {
   "cell_type": "code",
   "execution_count": 1,
   "metadata": {},
   "outputs": [],
   "source": [
    "# import julia;\n",
    "# julia.install()"
   ]
  },
  {
   "cell_type": "code",
   "execution_count": 2,
   "metadata": {},
   "outputs": [],
   "source": [
    "# TAKEAWAY: space derivative depend on nodes granularity. \n",
    "# Need increase number of nodes!"
   ]
  },
  {
   "cell_type": "code",
   "execution_count": 3,
   "metadata": {},
   "outputs": [],
   "source": [
    "import numpy as np\n",
    "import numdifftools as nd\n",
    "import math\n",
    "import matplotlib.pyplot as plt\n",
    "from datetime import datetime\n",
    "# from scipy.integrate import odeint\n",
    "# from torchdiffeq import odeint\n",
    "import torch\n",
    "import inspect\n",
    "import random"
   ]
  },
  {
   "cell_type": "code",
   "execution_count": 4,
   "metadata": {},
   "outputs": [],
   "source": [
    "import sys\n",
    "sys.path.insert(0, \"../../../../Ocean_Intella/PythonVehicleSimulator-master/src/python_vehicle_simulator\")\n",
    "sys.path.insert(0, \"../../../../Ocean_Intella/PythonVehicleSimulator-master/src\")"
   ]
  },
  {
   "cell_type": "code",
   "execution_count": 5,
   "metadata": {},
   "outputs": [],
   "source": [
    "# from diffeqpy import ode\n",
    "# from diffeqpy import de"
   ]
  },
  {
   "cell_type": "code",
   "execution_count": 6,
   "metadata": {},
   "outputs": [],
   "source": [
    "from vehicles import shipClarke83\n",
    "from python_vehicle_simulator.vehicles import *\n",
    "from python_vehicle_simulator.lib import *\n",
    "from python_vehicle_simulator.lib.gnc import ssa"
   ]
  },
  {
   "cell_type": "code",
   "execution_count": 7,
   "metadata": {},
   "outputs": [],
   "source": [
    "from sympy import *"
   ]
  },
  {
   "cell_type": "code",
   "execution_count": 8,
   "metadata": {},
   "outputs": [],
   "source": [
    "def R2D(value):  # radians to degrees\n",
    "    return value * 180 / math.pi"
   ]
  },
  {
   "cell_type": "code",
   "execution_count": 9,
   "metadata": {},
   "outputs": [],
   "source": [
    "mp = 96 #  (submerged) [kg/m]"
   ]
  },
  {
   "cell_type": "code",
   "execution_count": 10,
   "metadata": {},
   "outputs": [],
   "source": [
    "# # q0=[i for i in range(12)]\n",
    "# max_t = 2 # 10 #600  \n",
    "# dt = 0.5\n",
    "# t=np.arange(0,max_t,dt)\n",
    "# ds = 0.025\n",
    "# print(t)"
   ]
  },
  {
   "cell_type": "code",
   "execution_count": 11,
   "metadata": {},
   "outputs": [],
   "source": [
    "node_N=40"
   ]
  },
  {
   "cell_type": "code",
   "execution_count": 12,
   "metadata": {},
   "outputs": [],
   "source": [
    "diag_Irho = 1e2*np.array([1, 1, 2]) # [m^4]  , p.99 in [1]\n",
    " \n",
    "Irho=np.diag(diag_Irho)"
   ]
  },
  {
   "cell_type": "code",
   "execution_count": 13,
   "metadata": {},
   "outputs": [
    {
     "data": {
      "text/plain": [
       "array([[100.,   0.,   0.],\n",
       "       [  0., 100.,   0.],\n",
       "       [  0.,   0., 200.]])"
      ]
     },
     "execution_count": 13,
     "metadata": {},
     "output_type": "execute_result"
    }
   ],
   "source": [
    "Irho"
   ]
  },
  {
   "cell_type": "code",
   "execution_count": null,
   "metadata": {},
   "outputs": [],
   "source": []
  },
  {
   "cell_type": "code",
   "execution_count": 14,
   "metadata": {},
   "outputs": [],
   "source": [
    "qw = 1025 # Water density [kg/m3]\n",
    "d0 = 0.761 # Outer diameter of pipe, [m]"
   ]
  },
  {
   "cell_type": "code",
   "execution_count": 15,
   "metadata": {},
   "outputs": [],
   "source": [
    "diag_DT = 1.5*np.array([1, 1, 1]) # [N/m]  , p.99 in [1]"
   ]
  },
  {
   "cell_type": "code",
   "execution_count": 16,
   "metadata": {},
   "outputs": [],
   "source": [
    "DT=np.diag(diag_DT) # (35) in [2]"
   ]
  },
  {
   "cell_type": "code",
   "execution_count": 17,
   "metadata": {},
   "outputs": [
    {
     "data": {
      "text/plain": [
       "array([[1.5, 0. , 0. ],\n",
       "       [0. , 1.5, 0. ],\n",
       "       [0. , 0. , 1.5]])"
      ]
     },
     "execution_count": 17,
     "metadata": {},
     "output_type": "execute_result"
    }
   ],
   "source": [
    "DT"
   ]
  },
  {
   "cell_type": "code",
   "execution_count": 18,
   "metadata": {},
   "outputs": [],
   "source": [
    "diag_CT = 1e9*np.array([1, 1, 1]) # [Nm2] p. 4721 in [3]\n",
    "# diag_CT = 1e10*np.array([1, 1, 1]) "
   ]
  },
  {
   "cell_type": "code",
   "execution_count": 19,
   "metadata": {},
   "outputs": [],
   "source": [
    "CT=np.diag(diag_CT)"
   ]
  },
  {
   "cell_type": "code",
   "execution_count": 20,
   "metadata": {},
   "outputs": [
    {
     "data": {
      "text/plain": [
       "array([[1.e+09, 0.e+00, 0.e+00],\n",
       "       [0.e+00, 1.e+09, 0.e+00],\n",
       "       [0.e+00, 0.e+00, 1.e+09]])"
      ]
     },
     "execution_count": 20,
     "metadata": {},
     "output_type": "execute_result"
    }
   ],
   "source": [
    "CT"
   ]
  },
  {
   "cell_type": "code",
   "execution_count": 21,
   "metadata": {},
   "outputs": [],
   "source": [
    "# angles should be in radians, otherwise np.radians them  \n",
    "def Re_t_(arr):\n",
    "    φ,θ,ψ=arr[0],arr[1],arr[2]\n",
    "  \n",
    "    Cφ=np.matrix([[1,0,0],\n",
    "                      [0,np.cos(φ),-np.sin(φ)],\n",
    "                      [0,np.sin(φ),np.cos(φ)]])\n",
    "\n",
    "    Cθ=np.matrix([[np.cos(θ),0,np.sin(θ)],\n",
    "                      [0,1,0],\n",
    "                      [-np.sin(θ),0,np.cos(θ)]])\n",
    "\n",
    "    Cψ=np.matrix([[np.cos(ψ),-np.sin(ψ),0],\n",
    "                      [np.sin(ψ),np.cos(ψ),0],\n",
    "                      [0,0,1]])\n",
    "        \n",
    "\n",
    "    return np.array(np.dot(np.dot(Cφ,Cθ),Cψ) )"
   ]
  },
  {
   "cell_type": "code",
   "execution_count": 22,
   "metadata": {},
   "outputs": [
    {
     "data": {
      "text/plain": [
       "array([[ 0.41198225,  0.05872664,  0.90929743],\n",
       "       [-0.68124272, -0.64287284,  0.35017549],\n",
       "       [ 0.60512725, -0.76371834, -0.2248451 ]])"
      ]
     },
     "execution_count": 22,
     "metadata": {},
     "output_type": "execute_result"
    }
   ],
   "source": [
    "Re_t_([1,2,3])"
   ]
  },
  {
   "cell_type": "code",
   "execution_count": 23,
   "metadata": {},
   "outputs": [],
   "source": [
    "rng = np.random.default_rng()"
   ]
  },
  {
   "cell_type": "code",
   "execution_count": 24,
   "metadata": {},
   "outputs": [],
   "source": [
    "φ, θ, ψ = rng.standard_normal(node_N),rng.standard_normal(node_N),rng.standard_normal(node_N)"
   ]
  },
  {
   "cell_type": "code",
   "execution_count": 25,
   "metadata": {},
   "outputs": [],
   "source": [
    "def Re_t(a,b,c):\n",
    "    xyz=np.stack((a,b,c), axis=1)\n",
    "#     print(Re_t_(xyz[0]))\n",
    "    return np.apply_along_axis(Re_t_, 1, xyz)"
   ]
  },
  {
   "cell_type": "code",
   "execution_count": 26,
   "metadata": {},
   "outputs": [],
   "source": [
    "# φ, θ, ψ= np.zeros(node_N),np.zeros(node_N),np.zeros(node_N)"
   ]
  },
  {
   "cell_type": "code",
   "execution_count": 27,
   "metadata": {},
   "outputs": [
    {
     "data": {
      "text/plain": [
       "array([[ 0.91881997,  0.05121301,  0.39134012],\n",
       "       [ 0.13873972,  0.88635172, -0.44173738],\n",
       "       [-0.36948769,  0.46017155,  0.80729238]])"
      ]
     },
     "execution_count": 27,
     "metadata": {},
     "output_type": "execute_result"
    }
   ],
   "source": [
    "Re_t_(np.array([φ[0], θ[0], ψ[0]]))"
   ]
  },
  {
   "cell_type": "code",
   "execution_count": 28,
   "metadata": {
    "scrolled": true
   },
   "outputs": [
    {
     "name": "stdout",
     "output_type": "stream",
     "text": [
      "0:00:00.005805\n"
     ]
    }
   ],
   "source": [
    "startTime1 = datetime.now()\n",
    "Ret=Re_t(φ,θ,ψ)\n",
    "print(datetime.now() - startTime1)"
   ]
  },
  {
   "cell_type": "code",
   "execution_count": 29,
   "metadata": {},
   "outputs": [
    {
     "data": {
      "text/plain": [
       "array([[[ 0.91881997,  0.05121301,  0.39134012],\n",
       "        [ 0.13873972,  0.88635172, -0.44173738],\n",
       "        [-0.36948769,  0.46017155,  0.80729238]],\n",
       "\n",
       "       [[ 0.69355969,  0.71974602,  0.03066973],\n",
       "        [-0.68456401,  0.64520186,  0.33924428],\n",
       "        [ 0.22438155, -0.25628155,  0.94019822]],\n",
       "\n",
       "       [[-0.04836072, -0.32867807,  0.94320304],\n",
       "        [-0.33620676, -0.88384865, -0.32523312],\n",
       "        [ 0.94054572, -0.33283974, -0.06776023]],\n",
       "\n",
       "       [[-0.09693095,  0.96349784, -0.24955222],\n",
       "        [-0.83691341,  0.05680179,  0.54437993],\n",
       "        [ 0.53868389,  0.26162086,  0.80085841]],\n",
       "\n",
       "       [[ 0.39429541, -0.26490072, -0.87997656],\n",
       "        [ 0.90931142,  0.25102296,  0.33187379],\n",
       "        [ 0.13298072, -0.93102904,  0.33985445]],\n",
       "\n",
       "       [[-0.43247317,  0.54186738,  0.72065713],\n",
       "        [ 0.87633583,  0.06455931,  0.47735481],\n",
       "        [ 0.21213787,  0.83798081, -0.50277797]],\n",
       "\n",
       "       [[ 0.46503307,  0.37667381,  0.80116234],\n",
       "        [-0.83875709,  0.47700649,  0.2625859 ],\n",
       "        [-0.28325041, -0.79409171,  0.53776162]],\n",
       "\n",
       "       [[ 0.27704145,  0.71144606, -0.64582702],\n",
       "        [-0.51231135,  0.67799864,  0.52711945],\n",
       "        [ 0.8128869 ,  0.18483057,  0.55231562]],\n",
       "\n",
       "       [[ 0.75427385, -0.5317775 ,  0.38507616],\n",
       "        [ 0.19963973,  0.74449676,  0.63707814],\n",
       "        [-0.62547177, -0.40365488,  0.66771835]],\n",
       "\n",
       "       [[-0.00758105,  0.25300002,  0.96743657],\n",
       "        [-0.26571625, -0.93319291,  0.24196254],\n",
       "        [ 0.96402147, -0.25522929,  0.0743008 ]],\n",
       "\n",
       "       [[ 0.55475614, -0.76242838,  0.33308945],\n",
       "        [ 0.30550536,  0.55904011,  0.77080518],\n",
       "        [-0.77389412, -0.3258483 ,  0.54305689]],\n",
       "\n",
       "       [[ 0.85291572, -0.34239881,  0.39407845],\n",
       "        [ 0.51767517,  0.65222615, -0.55372689],\n",
       "        [-0.06743285,  0.676287  ,  0.7335453 ]],\n",
       "\n",
       "       [[ 0.50395101,  0.79267933, -0.34306392],\n",
       "        [-0.85526937,  0.51342747, -0.07004677],\n",
       "        [ 0.12061381,  0.3287122 ,  0.93669664]],\n",
       "\n",
       "       [[ 0.65815657,  0.33173963, -0.67585408],\n",
       "        [-0.16673179,  0.93962379,  0.29884384],\n",
       "        [ 0.73418692, -0.08399968,  0.67373111]],\n",
       "\n",
       "       [[ 0.08161692,  0.97117691,  0.22395109],\n",
       "        [-0.33970652,  0.23835289, -0.90982821],\n",
       "        [-0.93698354, -0.00182027,  0.34936876]],\n",
       "\n",
       "       [[ 0.99798138, -0.05181902, -0.03671451],\n",
       "        [ 0.04299481,  0.97677154, -0.20992571],\n",
       "        [ 0.04673983,  0.20792342,  0.97702776]],\n",
       "\n",
       "       [[-0.37019522,  0.92751056, -0.05176552],\n",
       "        [ 0.42850921,  0.21994064,  0.8763595 ],\n",
       "        [ 0.82421803,  0.3022421 , -0.47886779]],\n",
       "\n",
       "       [[-0.51305129,  0.61074159, -0.60313604],\n",
       "        [-0.52677797, -0.77880886, -0.34053153],\n",
       "        [-0.67770446,  0.14300864,  0.72129411]],\n",
       "\n",
       "       [[ 0.54278738,  0.77947661,  0.31272682],\n",
       "        [-0.81271033,  0.58139194, -0.03854005],\n",
       "        [-0.21185792, -0.23323726,  0.94906091]],\n",
       "\n",
       "       [[-0.16604954,  0.05060582, -0.98481806],\n",
       "        [ 0.48230634,  0.87524829, -0.03634589],\n",
       "        [ 0.86012101, -0.48101921, -0.16974208]],\n",
       "\n",
       "       [[ 0.85784228, -0.39715669,  0.32614902],\n",
       "        [ 0.11789868,  0.7698015 ,  0.6273002 ],\n",
       "        [-0.50020648, -0.4996721 ,  0.70719253]],\n",
       "\n",
       "       [[ 0.43879899, -0.4284139 , -0.78988416],\n",
       "        [ 0.69257437,  0.72131734, -0.00648379],\n",
       "        [ 0.57253488, -0.54420844,  0.6132218 ]],\n",
       "\n",
       "       [[-0.38338996,  0.02710079, -0.92318887],\n",
       "        [ 0.92306394,  0.04486515, -0.38202104],\n",
       "        [ 0.03106594, -0.99862539, -0.04221661]],\n",
       "\n",
       "       [[-0.12575949, -0.98157141,  0.14388228],\n",
       "        [ 0.81521521, -0.18489831, -0.54885041],\n",
       "        [ 0.56533947,  0.04827188,  0.82344466]],\n",
       "\n",
       "       [[ 0.08361341,  0.05761187, -0.99483148],\n",
       "        [-0.9964184 ,  0.01747289, -0.08273491],\n",
       "        [ 0.01261607,  0.99818614,  0.05886649]],\n",
       "\n",
       "       [[ 0.8158546 , -0.36574057,  0.44790079],\n",
       "        [ 0.10928886,  0.85813662,  0.50165474],\n",
       "        [-0.56783556, -0.36032676,  0.74008608]],\n",
       "\n",
       "       [[ 0.42486463, -0.24497604,  0.87147965],\n",
       "        [ 0.53673254,  0.84339412, -0.02458729],\n",
       "        [-0.72897752,  0.47819776,  0.48981495]],\n",
       "\n",
       "       [[ 0.64951301, -0.66450584,  0.3695468 ],\n",
       "        [ 0.76034677,  0.5691558 , -0.31294483],\n",
       "        [-0.00237604,  0.48424545,  0.87492897]],\n",
       "\n",
       "       [[-0.07908464, -0.08936593, -0.99285414],\n",
       "        [ 0.38715856,  0.91503766, -0.1132004 ],\n",
       "        [ 0.91861519, -0.39334439, -0.03776664]],\n",
       "\n",
       "       [[-0.410875  ,  0.19862284, -0.8897925 ],\n",
       "        [-0.36344827,  0.85938788,  0.35966349],\n",
       "        [ 0.83611428,  0.47117028, -0.28091186]],\n",
       "\n",
       "       [[-0.27157583, -0.83874294,  0.47197123],\n",
       "        [ 0.65142831,  0.20078845,  0.73165918],\n",
       "        [-0.70844035,  0.50615637,  0.4918516 ]],\n",
       "\n",
       "       [[ 0.50460578, -0.34083221,  0.79322532],\n",
       "        [ 0.21790801,  0.93930905,  0.26498037],\n",
       "        [-0.83539757,  0.03913953,  0.54825085]],\n",
       "\n",
       "       [[ 0.73022483,  0.1250129 , -0.67167215],\n",
       "        [ 0.58434247,  0.3951147 ,  0.70882173],\n",
       "        [ 0.3539994 , -0.91008579,  0.21547222]],\n",
       "\n",
       "       [[ 0.56270917,  0.81353691,  0.14668361],\n",
       "        [-0.82337633,  0.53579542,  0.18701521],\n",
       "        [ 0.07355137, -0.22601099,  0.97134403]],\n",
       "\n",
       "       [[ 0.4639494 ,  0.82851933, -0.31353896],\n",
       "        [-0.78257406,  0.54918357,  0.29321537],\n",
       "        [ 0.41512504,  0.10933036,  0.90317112]],\n",
       "\n",
       "       [[ 0.89216328, -0.30179572,  0.33610121],\n",
       "        [ 0.10144705,  0.85891849,  0.50196366],\n",
       "        [-0.44017403, -0.41373707,  0.79691183]],\n",
       "\n",
       "       [[ 0.35859175,  0.2778967 ,  0.89117079],\n",
       "        [-0.77200908, -0.44841438,  0.45047366],\n",
       "        [ 0.52479894, -0.84952808,  0.05374107]],\n",
       "\n",
       "       [[ 0.53589711, -0.83791018, -0.10354138],\n",
       "        [ 0.4184097 ,  0.15705608,  0.89457628],\n",
       "        [-0.73331277, -0.52272356,  0.43475564]],\n",
       "\n",
       "       [[ 0.99235772,  0.12305939,  0.00908529],\n",
       "        [-0.08645781,  0.64088787,  0.76275014],\n",
       "        [ 0.08804092, -0.75770649,  0.64662947]],\n",
       "\n",
       "       [[ 0.5472668 , -0.3113827 , -0.77687828],\n",
       "        [ 0.43515718, -0.68703224,  0.58191488],\n",
       "        [-0.71493865, -0.65652686, -0.24048952]]])"
      ]
     },
     "execution_count": 29,
     "metadata": {},
     "output_type": "execute_result"
    }
   ],
   "source": [
    "Ret"
   ]
  },
  {
   "cell_type": "code",
   "execution_count": 30,
   "metadata": {},
   "outputs": [
    {
     "data": {
      "text/plain": [
       "(40, 3, 3)"
      ]
     },
     "execution_count": 30,
     "metadata": {},
     "output_type": "execute_result"
    }
   ],
   "source": [
    "Ret.shape"
   ]
  },
  {
   "cell_type": "code",
   "execution_count": null,
   "metadata": {},
   "outputs": [],
   "source": []
  },
  {
   "cell_type": "code",
   "execution_count": 31,
   "metadata": {},
   "outputs": [],
   "source": [
    "# Dphi1, Dphi2, Dphi3 = symbols(\"Dphi1 Dphi2 Dphi3\")\n",
    "dx,dy,dz=rng.standard_normal(node_N),rng.standard_normal(node_N),rng.standard_normal(node_N)"
   ]
  },
  {
   "cell_type": "code",
   "execution_count": 32,
   "metadata": {},
   "outputs": [],
   "source": [
    "def C1(dx,dy,dz, Ret):\n",
    "    B=np.vstack([dx**2,(dy**2+dz**2)**0.5*dy,(dy**2+dz**2)**0.5*dz])\n",
    "#     print(np.dot(Ret[0],B.T[0]))\n",
    "    ans=np.einsum('ijk,ik->ij', Ret,B.T)\n",
    "    return ans.T"
   ]
  },
  {
   "cell_type": "code",
   "execution_count": 33,
   "metadata": {},
   "outputs": [
    {
     "data": {
      "text/plain": [
       "array([1.26410911e+00, 1.71894695e-02, 5.39843196e-01, 1.62690419e-01,\n",
       "       6.96727520e-01, 1.18478910e-01, 3.45177404e-01, 1.49191868e-01,\n",
       "       1.82524368e-01, 1.69718800e-01, 2.30470575e+00, 2.17714348e-01,\n",
       "       2.77290796e-01, 1.59301961e-01, 5.34317758e-01, 1.39281091e+00,\n",
       "       3.86933159e+00, 4.82090302e-01, 2.61827807e-01, 9.72831287e-03,\n",
       "       7.17558531e-01, 3.27730672e-01, 6.57291013e-01, 2.63319021e+00,\n",
       "       1.32510808e-03, 3.13344087e-02, 1.25952658e-02, 8.90150130e-01,\n",
       "       2.11103322e+00, 5.81982248e+00, 9.75942609e-01, 5.94418003e-01,\n",
       "       7.47387069e-01, 1.79168523e+00, 1.25396957e+00, 3.84582547e+00,\n",
       "       2.56405462e-01, 1.97065282e+00, 2.93717060e-01, 1.47967897e+00])"
      ]
     },
     "execution_count": 33,
     "metadata": {},
     "output_type": "execute_result"
    }
   ],
   "source": [
    "dx**2"
   ]
  },
  {
   "cell_type": "code",
   "execution_count": 34,
   "metadata": {},
   "outputs": [
    {
     "data": {
      "text/plain": [
       "array([[ 1.42764753e-02, -2.17714075e-01, -1.26693840e+00,\n",
       "         1.35962135e+01,  3.71351160e+00,  4.35874563e-01,\n",
       "         1.86574171e-01, -6.17863383e-02,  1.54873355e-01,\n",
       "         5.37587677e-01,  1.98004490e+00,  5.51325583e-01,\n",
       "         1.26267946e-01, -9.49162908e-01, -1.18034456e-01,\n",
       "         1.38803676e+00, -9.64546977e-01,  8.40997069e-02,\n",
       "        -2.01251333e-02, -1.21878559e+00,  1.36991421e+00,\n",
       "        -1.23665878e-01, -3.92051159e+00, -1.14949953e+00,\n",
       "         8.76569641e-02, -2.48404157e-01,  2.33133575e-01,\n",
       "         1.55793744e+00,  6.71031504e+00, -4.58920466e+00,\n",
       "         9.72686531e-01,  4.92706349e-01,  1.35809369e+00,\n",
       "         1.71657679e-01,  6.70128125e-01,  3.32550946e+00,\n",
       "        -1.05268095e+00, -1.89851235e+00,  5.09569088e-01,\n",
       "        -5.88440506e-02],\n",
       "       [-2.41543834e-01, -1.27786529e-01,  1.16785267e+00,\n",
       "        -5.37105141e+00, -1.17813593e+00, -1.96802719e-01,\n",
       "        -2.89664624e-01,  2.53353959e-01,  3.80680398e-02,\n",
       "        -2.20285914e+00,  1.26723662e+00, -5.18470169e-01,\n",
       "        -1.96780439e-01,  5.18938824e-01,  1.06747952e+00,\n",
       "        -1.56434962e+00,  3.63372328e+00, -5.52597021e-01,\n",
       "        -3.03649482e-01,  2.05667597e-01, -3.78500214e+00,\n",
       "         5.38235489e-01, -9.99786897e-01,  1.74137820e+00,\n",
       "         5.52649747e-03, -1.17228080e+00, -9.46121230e-02,\n",
       "        -1.60067811e-01, -5.91804719e+00, -1.53952937e+00,\n",
       "         1.51600026e+00,  4.10221907e-01, -4.40878853e-01,\n",
       "        -1.66332348e+00, -1.17698273e+00,  1.15422431e+00,\n",
       "        -9.02872607e-01,  3.53722609e-01,  3.66900338e+00,\n",
       "         9.84955564e-01],\n",
       "       [-3.47644415e+00,  3.59695865e-01,  9.26284678e-01,\n",
       "        -5.59608453e+00,  2.28453729e+00,  2.26007845e+00,\n",
       "        -5.45665191e-02,  3.64263901e-01, -9.29019601e-02,\n",
       "        -4.26900441e-01, -1.05843435e+00, -2.35482013e-01,\n",
       "         3.76056901e-01,  1.18569718e+00, -9.67552879e-01,\n",
       "         1.60109687e+00,  2.37215997e+00, -3.45492527e-01,\n",
       "        -1.22593508e-01, -3.39307209e-01,  2.27207038e-02,\n",
       "         1.61161003e-02,  2.48096382e+00,  1.89095545e+00,\n",
       "        -3.94326717e-02, -6.37708071e-01,  4.89364056e-02,\n",
       "         1.82926157e-02,  5.36997287e+00,  4.03616326e+00,\n",
       "        -3.56466542e-01, -3.06925589e-01,  3.75638433e-02,\n",
       "         4.42616790e+00,  5.29668858e-02, -1.73075952e+00,\n",
       "        -1.20308332e-01, -3.87291652e+00,  1.19553786e+00,\n",
       "        -1.51519557e+00]])"
      ]
     },
     "execution_count": 34,
     "metadata": {},
     "output_type": "execute_result"
    }
   ],
   "source": [
    "C1(dx,dy,dz,Ret)"
   ]
  },
  {
   "cell_type": "code",
   "execution_count": 35,
   "metadata": {},
   "outputs": [
    {
     "data": {
      "text/plain": [
       "(3, 40)"
      ]
     },
     "execution_count": 35,
     "metadata": {},
     "output_type": "execute_result"
    }
   ],
   "source": [
    "C1(dx,dy,dz,Ret).shape"
   ]
  },
  {
   "cell_type": "code",
   "execution_count": 36,
   "metadata": {},
   "outputs": [
    {
     "name": "stdout",
     "output_type": "stream",
     "text": [
      "0:00:00.000198\n"
     ]
    }
   ],
   "source": [
    "startTime1 = datetime.now()\n",
    "C1(dx,dy,dz,Ret)\n",
    "print(datetime.now() - startTime1)"
   ]
  },
  {
   "cell_type": "code",
   "execution_count": 37,
   "metadata": {},
   "outputs": [
    {
     "data": {
      "text/plain": [
       "array([52.6516875 , 74.46073019, 74.46073019])"
      ]
     },
     "execution_count": 37,
     "metadata": {},
     "output_type": "execute_result"
    }
   ],
   "source": [
    "1/2*d0*qw*np.dot(DT,np.array([0.09,0.12727922, 0.12727922])) "
   ]
  },
  {
   "cell_type": "code",
   "execution_count": 38,
   "metadata": {},
   "outputs": [],
   "source": [
    "def fD(dx,dy,dz,DT,Ret):\n",
    "#     print(dx)\n",
    "#     print(C1(dx,dy,dz).shape) m2*kg/m3 N/m m2/s2*rad\n",
    "    return 1/2*d0*qw*np.dot(DT, C1(dx,dy,dz,Ret))*9.81"
   ]
  },
  {
   "cell_type": "code",
   "execution_count": 39,
   "metadata": {},
   "outputs": [
    {
     "data": {
      "text/plain": [
       "array([[ 8.19331761e+01, -1.24946846e+03, -7.27100249e+03,\n",
       "         7.80291305e+04,  2.13119691e+04,  2.50149891e+03,\n",
       "         1.07075550e+03, -3.54593892e+02,  8.88823438e+02,\n",
       "         3.08523392e+03,  1.13635449e+04,  3.16407623e+03,\n",
       "         7.24656027e+02, -5.44727814e+03, -6.77403746e+02,\n",
       "         7.96599006e+03, -5.53556783e+03,  4.82651072e+02,\n",
       "        -1.15498823e+02, -6.99465186e+03,  7.86198416e+03,\n",
       "        -7.09722672e+02, -2.24999491e+04, -6.59701680e+03,\n",
       "         5.03066292e+02, -1.42559988e+03,  1.33796150e+03,\n",
       "         8.94105586e+03,  3.85107257e+04, -2.63376013e+04,\n",
       "         5.58228101e+03,  2.82765846e+03,  7.79414575e+03,\n",
       "         9.85149246e+02,  3.84588805e+03,  1.90852117e+04,\n",
       "        -6.04137167e+03, -1.08956268e+04,  2.92443429e+03,\n",
       "        -3.37708004e+02],\n",
       "       [-1.38622826e+03, -7.33371224e+02,  6.70234609e+03,\n",
       "        -3.08246463e+04, -6.76136209e+03, -1.12945748e+03,\n",
       "        -1.66239511e+03,  1.45400697e+03,  2.18473773e+02,\n",
       "        -1.26422834e+04,  7.27271396e+03, -2.97551790e+03,\n",
       "        -1.12932962e+03,  2.97820752e+03,  6.12630121e+03,\n",
       "        -8.97785554e+03,  2.08540612e+04, -3.17137306e+03,\n",
       "        -1.74265468e+03,  1.18033332e+03, -2.17222557e+04,\n",
       "         3.08895174e+03, -5.73781093e+03,  9.99382857e+03,\n",
       "         3.17167566e+01, -6.72775932e+03, -5.42982185e+02,\n",
       "        -9.18634599e+02, -3.39638737e+04, -8.83541127e+03,\n",
       "         8.70037695e+03,  2.35427744e+03, -2.53021870e+03,\n",
       "        -9.54586991e+03, -6.75474384e+03,  6.62413251e+03,\n",
       "        -5.18161653e+03,  2.03002606e+03,  2.10565349e+04,\n",
       "         5.65269341e+03],\n",
       "       [-1.99514309e+04,  2.06430678e+03,  5.31597920e+03,\n",
       "        -3.21161190e+04,  1.31110370e+04,  1.29706669e+04,\n",
       "        -3.13159105e+02,  2.09052289e+03, -5.33167502e+02,\n",
       "        -2.44999612e+03, -6.07439065e+03, -1.35143926e+03,\n",
       "         2.15820332e+03,  6.80475633e+03, -5.55281881e+03,\n",
       "         9.18874926e+03,  1.36139066e+04, -1.98279334e+03,\n",
       "        -7.03568303e+02, -1.94729559e+03,  1.30394890e+02,\n",
       "         9.24908465e+01,  1.42383356e+04,  1.08522575e+04,\n",
       "        -2.26305441e+02, -3.65982826e+03,  2.80847693e+02,\n",
       "         1.04981942e+02,  3.08184565e+04,  2.31636779e+04,\n",
       "        -2.04577358e+03, -1.76145637e+03,  2.15580172e+02,\n",
       "         2.54019278e+04,  3.03978755e+02, -9.93288760e+03,\n",
       "        -6.90453601e+02, -2.22267994e+04,  6.86123235e+03,\n",
       "        -8.69575881e+03]])"
      ]
     },
     "execution_count": 39,
     "metadata": {},
     "output_type": "execute_result"
    }
   ],
   "source": [
    "fD(dx,dy,dz,DT,Ret)"
   ]
  },
  {
   "cell_type": "code",
   "execution_count": 40,
   "metadata": {},
   "outputs": [
    {
     "data": {
      "text/plain": [
       "array([[ 8.19331761e+01, -1.38622826e+03, -1.99514309e+04],\n",
       "       [-1.24946846e+03, -7.33371224e+02,  2.06430678e+03],\n",
       "       [-7.27100249e+03,  6.70234609e+03,  5.31597920e+03],\n",
       "       [ 7.80291305e+04, -3.08246463e+04, -3.21161190e+04],\n",
       "       [ 2.13119691e+04, -6.76136209e+03,  1.31110370e+04],\n",
       "       [ 2.50149891e+03, -1.12945748e+03,  1.29706669e+04],\n",
       "       [ 1.07075550e+03, -1.66239511e+03, -3.13159105e+02],\n",
       "       [-3.54593892e+02,  1.45400697e+03,  2.09052289e+03],\n",
       "       [ 8.88823438e+02,  2.18473773e+02, -5.33167502e+02],\n",
       "       [ 3.08523392e+03, -1.26422834e+04, -2.44999612e+03],\n",
       "       [ 1.13635449e+04,  7.27271396e+03, -6.07439065e+03],\n",
       "       [ 3.16407623e+03, -2.97551790e+03, -1.35143926e+03],\n",
       "       [ 7.24656027e+02, -1.12932962e+03,  2.15820332e+03],\n",
       "       [-5.44727814e+03,  2.97820752e+03,  6.80475633e+03],\n",
       "       [-6.77403746e+02,  6.12630121e+03, -5.55281881e+03],\n",
       "       [ 7.96599006e+03, -8.97785554e+03,  9.18874926e+03],\n",
       "       [-5.53556783e+03,  2.08540612e+04,  1.36139066e+04],\n",
       "       [ 4.82651072e+02, -3.17137306e+03, -1.98279334e+03],\n",
       "       [-1.15498823e+02, -1.74265468e+03, -7.03568303e+02],\n",
       "       [-6.99465186e+03,  1.18033332e+03, -1.94729559e+03],\n",
       "       [ 7.86198416e+03, -2.17222557e+04,  1.30394890e+02],\n",
       "       [-7.09722672e+02,  3.08895174e+03,  9.24908465e+01],\n",
       "       [-2.24999491e+04, -5.73781093e+03,  1.42383356e+04],\n",
       "       [-6.59701680e+03,  9.99382857e+03,  1.08522575e+04],\n",
       "       [ 5.03066292e+02,  3.17167566e+01, -2.26305441e+02],\n",
       "       [-1.42559988e+03, -6.72775932e+03, -3.65982826e+03],\n",
       "       [ 1.33796150e+03, -5.42982185e+02,  2.80847693e+02],\n",
       "       [ 8.94105586e+03, -9.18634599e+02,  1.04981942e+02],\n",
       "       [ 3.85107257e+04, -3.39638737e+04,  3.08184565e+04],\n",
       "       [-2.63376013e+04, -8.83541127e+03,  2.31636779e+04],\n",
       "       [ 5.58228101e+03,  8.70037695e+03, -2.04577358e+03],\n",
       "       [ 2.82765846e+03,  2.35427744e+03, -1.76145637e+03],\n",
       "       [ 7.79414575e+03, -2.53021870e+03,  2.15580172e+02],\n",
       "       [ 9.85149246e+02, -9.54586991e+03,  2.54019278e+04],\n",
       "       [ 3.84588805e+03, -6.75474384e+03,  3.03978755e+02],\n",
       "       [ 1.90852117e+04,  6.62413251e+03, -9.93288760e+03],\n",
       "       [-6.04137167e+03, -5.18161653e+03, -6.90453601e+02],\n",
       "       [-1.08956268e+04,  2.03002606e+03, -2.22267994e+04],\n",
       "       [ 2.92443429e+03,  2.10565349e+04,  6.86123235e+03],\n",
       "       [-3.37708004e+02,  5.65269341e+03, -8.69575881e+03]])"
      ]
     },
     "execution_count": 40,
     "metadata": {},
     "output_type": "execute_result"
    }
   ],
   "source": [
    "fD(dx,dy,dz,DT,Ret).T"
   ]
  },
  {
   "cell_type": "code",
   "execution_count": 41,
   "metadata": {},
   "outputs": [
    {
     "name": "stdout",
     "output_type": "stream",
     "text": [
      "0:00:00.000209\n"
     ]
    }
   ],
   "source": [
    "startTime1 = datetime.now()\n",
    "fD(dx,dy,dz,DT,Ret)\n",
    "print(datetime.now() - startTime1)"
   ]
  },
  {
   "cell_type": "code",
   "execution_count": 42,
   "metadata": {},
   "outputs": [],
   "source": [
    "# https://docs.scipy.org/doc/scipy-1.8.0/tutorial/integrate.html  \n",
    "# 1-D Gray-Scott "
   ]
  },
  {
   "cell_type": "code",
   "execution_count": 43,
   "metadata": {},
   "outputs": [],
   "source": [
    "# Mat=np.matrix([[1.3,.4,6.7],[9,7,6],[3.3,5.6,7]])"
   ]
  },
  {
   "cell_type": "code",
   "execution_count": 44,
   "metadata": {},
   "outputs": [],
   "source": [
    "I=np.identity(3)"
   ]
  },
  {
   "cell_type": "code",
   "execution_count": 45,
   "metadata": {},
   "outputs": [
    {
     "name": "stdout",
     "output_type": "stream",
     "text": [
      "0:00:00.000445\n"
     ]
    }
   ],
   "source": [
    "startTime1 = datetime.now()\n",
    "np.dot(I,fD(dx,dy,dz,DT,Ret))\n",
    "print(datetime.now() - startTime1)"
   ]
  },
  {
   "cell_type": "code",
   "execution_count": 46,
   "metadata": {},
   "outputs": [],
   "source": [
    "Rb_t=I # https://www.researchgate.net/profile/Thor-Fossen/publication/224560837_Modeling_and_Control_of_Offshore_Pipelay_Operations_Based_on_a_Finite_Strain_Pipe_Model/links/00b7d520e175a3f918000000/Modeling-and-Control-of-Offshore-Pipelay-Operations-Based-on-a-Finite-Strain-Pipe-Model.pdf"
   ]
  },
  {
   "cell_type": "code",
   "execution_count": 47,
   "metadata": {},
   "outputs": [
    {
     "data": {
      "text/plain": [
       "array([[1., 0., 0.],\n",
       "       [0., 1., 0.],\n",
       "       [0., 0., 1.]])"
      ]
     },
     "execution_count": 47,
     "metadata": {},
     "output_type": "execute_result"
    }
   ],
   "source": [
    "Rb_t"
   ]
  },
  {
   "cell_type": "code",
   "execution_count": null,
   "metadata": {},
   "outputs": [],
   "source": []
  },
  {
   "cell_type": "code",
   "execution_count": 48,
   "metadata": {},
   "outputs": [],
   "source": [
    "diag_DR = 1.5*np.array([1, 1, 1]) # [N m/rad]  p.4721 in [3]"
   ]
  },
  {
   "cell_type": "code",
   "execution_count": 49,
   "metadata": {},
   "outputs": [],
   "source": [
    "DR=np.diag(diag_DR) "
   ]
  },
  {
   "cell_type": "code",
   "execution_count": 50,
   "metadata": {},
   "outputs": [],
   "source": [
    "dI= 0.69# Inner diameter of pipe, [m]"
   ]
  },
  {
   "cell_type": "code",
   "execution_count": 51,
   "metadata": {},
   "outputs": [],
   "source": [
    "Ar=math.pi*((d0/2)**2-(dI/2)**2)"
   ]
  },
  {
   "cell_type": "code",
   "execution_count": 52,
   "metadata": {},
   "outputs": [
    {
     "data": {
      "text/plain": [
       "0.08091250419136858"
      ]
     },
     "execution_count": 52,
     "metadata": {},
     "output_type": "execute_result"
    }
   ],
   "source": [
    "Ar"
   ]
  },
  {
   "cell_type": "code",
   "execution_count": 53,
   "metadata": {},
   "outputs": [],
   "source": [
    "fg_e=np.array([[0,0,(mp-qw*Ar)*9.81] for x in range(node_N)])"
   ]
  },
  {
   "cell_type": "code",
   "execution_count": 54,
   "metadata": {},
   "outputs": [
    {
     "data": {
      "text/plain": [
       "array([[  0.        ,   0.        , 128.16454223],\n",
       "       [  0.        ,   0.        , 128.16454223],\n",
       "       [  0.        ,   0.        , 128.16454223],\n",
       "       [  0.        ,   0.        , 128.16454223],\n",
       "       [  0.        ,   0.        , 128.16454223],\n",
       "       [  0.        ,   0.        , 128.16454223],\n",
       "       [  0.        ,   0.        , 128.16454223],\n",
       "       [  0.        ,   0.        , 128.16454223],\n",
       "       [  0.        ,   0.        , 128.16454223],\n",
       "       [  0.        ,   0.        , 128.16454223],\n",
       "       [  0.        ,   0.        , 128.16454223],\n",
       "       [  0.        ,   0.        , 128.16454223],\n",
       "       [  0.        ,   0.        , 128.16454223],\n",
       "       [  0.        ,   0.        , 128.16454223],\n",
       "       [  0.        ,   0.        , 128.16454223],\n",
       "       [  0.        ,   0.        , 128.16454223],\n",
       "       [  0.        ,   0.        , 128.16454223],\n",
       "       [  0.        ,   0.        , 128.16454223],\n",
       "       [  0.        ,   0.        , 128.16454223],\n",
       "       [  0.        ,   0.        , 128.16454223],\n",
       "       [  0.        ,   0.        , 128.16454223],\n",
       "       [  0.        ,   0.        , 128.16454223],\n",
       "       [  0.        ,   0.        , 128.16454223],\n",
       "       [  0.        ,   0.        , 128.16454223],\n",
       "       [  0.        ,   0.        , 128.16454223],\n",
       "       [  0.        ,   0.        , 128.16454223],\n",
       "       [  0.        ,   0.        , 128.16454223],\n",
       "       [  0.        ,   0.        , 128.16454223],\n",
       "       [  0.        ,   0.        , 128.16454223],\n",
       "       [  0.        ,   0.        , 128.16454223],\n",
       "       [  0.        ,   0.        , 128.16454223],\n",
       "       [  0.        ,   0.        , 128.16454223],\n",
       "       [  0.        ,   0.        , 128.16454223],\n",
       "       [  0.        ,   0.        , 128.16454223],\n",
       "       [  0.        ,   0.        , 128.16454223],\n",
       "       [  0.        ,   0.        , 128.16454223],\n",
       "       [  0.        ,   0.        , 128.16454223],\n",
       "       [  0.        ,   0.        , 128.16454223],\n",
       "       [  0.        ,   0.        , 128.16454223],\n",
       "       [  0.        ,   0.        , 128.16454223]])"
      ]
     },
     "execution_count": 54,
     "metadata": {},
     "output_type": "execute_result"
    }
   ],
   "source": [
    "fg_e"
   ]
  },
  {
   "cell_type": "code",
   "execution_count": 55,
   "metadata": {},
   "outputs": [],
   "source": [
    "from numpy import linalg as LA"
   ]
  },
  {
   "cell_type": "code",
   "execution_count": 56,
   "metadata": {},
   "outputs": [],
   "source": [
    "def k_sigma(hi,d0,fg_e):\n",
    "    ans=[]\n",
    "#     print('hi',hi)\n",
    "    for it in hi:\n",
    "#         print(it)\n",
    "        if it<0:\n",
    "            ans.append(0)\n",
    "        elif 0<=it<=d0/20:\n",
    "#             print(LA.norm(fg_e,2)/(d0/8-d0/40)*10*it**2/d0)\n",
    "            ans.append(np.float64(LA.norm(fg_e,2)/(d0/8-d0/40)*10*it**2/d0))\n",
    "        else:\n",
    "#             print(LA.norm(fg_e,2)/(d0/8-d0/40)*10*hi**2/d0)\n",
    "            ans.append(np.float64(LA.norm(fg_e,2)/(d0/8-d0/40)*(it-d0/40)))\n",
    "#     print(ans)         \n",
    "     \n",
    "    return np.array(ans).reshape(node_N,1)   "
   ]
  },
  {
   "cell_type": "code",
   "execution_count": 57,
   "metadata": {},
   "outputs": [],
   "source": [
    "x,y,z=np.array([2.3 for i in range(node_N)]),np.array([2.3 for i in range(node_N)]),np.array([2.3 for i in range(node_N)])"
   ]
  },
  {
   "cell_type": "code",
   "execution_count": 58,
   "metadata": {},
   "outputs": [],
   "source": [
    "def hi(x,y,z,d0):\n",
    "    return (np.dot(np.array([x,y,z]).T,[0,0,1])+d0/2).reshape(node_N,1) "
   ]
  },
  {
   "cell_type": "code",
   "execution_count": 59,
   "metadata": {},
   "outputs": [
    {
     "name": "stdout",
     "output_type": "stream",
     "text": [
      "0:00:00.000156\n"
     ]
    }
   ],
   "source": [
    "startTime1 = datetime.now()\n",
    "hi(x,y,z,d0)\n",
    "print(datetime.now() - startTime1)"
   ]
  },
  {
   "cell_type": "code",
   "execution_count": 60,
   "metadata": {},
   "outputs": [
    {
     "data": {
      "text/plain": [
       "array([[28348.86140075],\n",
       "       [28348.86140075],\n",
       "       [28348.86140075],\n",
       "       [28348.86140075],\n",
       "       [28348.86140075],\n",
       "       [28348.86140075],\n",
       "       [28348.86140075],\n",
       "       [28348.86140075],\n",
       "       [28348.86140075],\n",
       "       [28348.86140075],\n",
       "       [28348.86140075],\n",
       "       [28348.86140075],\n",
       "       [28348.86140075],\n",
       "       [28348.86140075],\n",
       "       [28348.86140075],\n",
       "       [28348.86140075],\n",
       "       [28348.86140075],\n",
       "       [28348.86140075],\n",
       "       [28348.86140075],\n",
       "       [28348.86140075],\n",
       "       [28348.86140075],\n",
       "       [28348.86140075],\n",
       "       [28348.86140075],\n",
       "       [28348.86140075],\n",
       "       [28348.86140075],\n",
       "       [28348.86140075],\n",
       "       [28348.86140075],\n",
       "       [28348.86140075],\n",
       "       [28348.86140075],\n",
       "       [28348.86140075],\n",
       "       [28348.86140075],\n",
       "       [28348.86140075],\n",
       "       [28348.86140075],\n",
       "       [28348.86140075],\n",
       "       [28348.86140075],\n",
       "       [28348.86140075],\n",
       "       [28348.86140075],\n",
       "       [28348.86140075],\n",
       "       [28348.86140075],\n",
       "       [28348.86140075]])"
      ]
     },
     "execution_count": 60,
     "metadata": {},
     "output_type": "execute_result"
    }
   ],
   "source": [
    "k_sigma(hi(x,y,z,d0),d0,fg_e)"
   ]
  },
  {
   "cell_type": "code",
   "execution_count": 61,
   "metadata": {},
   "outputs": [
    {
     "name": "stdout",
     "output_type": "stream",
     "text": [
      "0:00:00.002304\n"
     ]
    }
   ],
   "source": [
    "startTime1 = datetime.now()\n",
    "k_sigma(hi(x,y,z,d0),d0,fg_e)\n",
    "print(datetime.now() - startTime1)"
   ]
  },
  {
   "cell_type": "code",
   "execution_count": 62,
   "metadata": {},
   "outputs": [],
   "source": [
    "# TODO: force shoud be acting only at nodes that are in contact with the seabed\n",
    "def sigma(x,y,z):\n",
    "    return (k_sigma(hi(x,y,z,d0),d0,fg_e)*np.array([0,0,1]))"
   ]
  },
  {
   "cell_type": "code",
   "execution_count": 63,
   "metadata": {},
   "outputs": [
    {
     "name": "stdout",
     "output_type": "stream",
     "text": [
      "0:00:00.003454\n"
     ]
