{
 "cells": [
  {
   "cell_type": "markdown",
   "metadata": {},
   "source": [
    "#### Model taken from:\n",
    "- [1] Offshore Pipelaying Dynamics. Gullik Anthon Jensen \n",
    "- [2] A nonlinear PDE formulation for offshore vessel pipeline installation. Gullik A. Jensen et al \n",
    "- [3] Modeling and Control of Offshore Pipelay Operations Based on a Finite Strain Pipe Model. Gullik A. Jensen "
   ]
  },
  {
   "cell_type": "code",
   "execution_count": 1,
   "metadata": {},
   "outputs": [],
   "source": [
    "# import julia;\n",
    "# julia.install()"
   ]
  },
  {
   "cell_type": "code",
   "execution_count": 2,
   "metadata": {},
   "outputs": [],
   "source": [
    "import numpy as np\n",
    "import numdifftools as nd\n",
    "import math\n",
    "import matplotlib.pyplot as plt\n",
    "from datetime import datetime\n",
    "# from scipy.integrate import odeint\n",
    "# from torchdiffeq import odeint\n",
    "import torch\n",
    "import inspect\n",
    "import random\n",
    "from scipy.optimize import fsolve\n",
    "from scipy.integrate import solve_ivp\n",
    "import scipy\n",
    "from numpy import linalg as LA"
   ]
  },
  {
   "cell_type": "code",
   "execution_count": 3,
   "metadata": {},
   "outputs": [],
   "source": [
    "import sys\n",
    "sys.path.insert(0, \"../../../../Ocean_Intella/PythonVehicleSimulator-master/src/python_vehicle_simulator\")\n",
    "sys.path.insert(0, \"../../../../Ocean_Intella/PythonVehicleSimulator-master/src\")"
   ]
  },
  {
   "cell_type": "code",
   "execution_count": 4,
   "metadata": {},
   "outputs": [],
   "source": [
    "# from diffeqpy import ode\n",
    "# from diffeqpy import de"
   ]
  },
  {
   "cell_type": "code",
   "execution_count": 5,
   "metadata": {},
   "outputs": [],
   "source": [
    "from vehicles import shipClarke83\n",
    "from python_vehicle_simulator.vehicles import *\n",
    "from python_vehicle_simulator.lib import *\n",
    "from python_vehicle_simulator.lib.gnc import ssa"
   ]
  },
  {
   "cell_type": "code",
   "execution_count": 6,
   "metadata": {},
   "outputs": [],
   "source": [
    "from sympy import *"
   ]
  },
  {
   "cell_type": "code",
   "execution_count": 7,
   "metadata": {},
   "outputs": [],
   "source": [
    "def R2D(value):  # radians to degrees\n",
    "    return value * 180 / math.pi"
   ]
  },
  {
   "cell_type": "code",
   "execution_count": 8,
   "metadata": {},
   "outputs": [],
   "source": [
    "mp = 96 #  (submerged) [kg/m]"
   ]
  },
  {
   "cell_type": "code",
   "execution_count": 9,
   "metadata": {},
   "outputs": [],
   "source": [
    "node_N=4"
   ]
  },
  {
   "cell_type": "code",
   "execution_count": 10,
   "metadata": {},
   "outputs": [],
   "source": [
    "diag_Irho = 1e2*np.array([1, 1, 2]) # [m^4]  , p.99 in [1]\n",
    "# diag_Irho = 1e30*np.array([1, 1, 2]) # [m^4]  !!!!!!!!!!!!!!!!!!!!!!!!!!!!!!!!!!!!!\n",
    " \n",
    "Irho=np.diag(diag_Irho)"
   ]
  },
  {
   "cell_type": "code",
   "execution_count": 11,
   "metadata": {},
   "outputs": [
    {
     "data": {
      "text/plain": [
       "array([[100.,   0.,   0.],\n",
       "       [  0., 100.,   0.],\n",
       "       [  0.,   0., 200.]])"
      ]
     },
     "execution_count": 11,
     "metadata": {},
     "output_type": "execute_result"
    }
   ],
   "source": [
    "Irho"
   ]
  },
  {
   "cell_type": "code",
   "execution_count": 12,
   "metadata": {},
   "outputs": [],
   "source": [
    "qw = 1025 # Water density [kg/m3]\n",
    "d0 = 0.761 # Outer diameter of pipe, [m]"
   ]
  },
  {
   "cell_type": "code",
   "execution_count": 13,
   "metadata": {},
   "outputs": [],
   "source": [
    "diag_DT = 1.5*np.array([1, 1, 1]) # [N/m]  , p.99 in [1]"
   ]
  },
  {
   "cell_type": "code",
   "execution_count": 14,
   "metadata": {},
   "outputs": [],
   "source": [
    "DT=np.diag(diag_DT) # (35) in [2]"
   ]
  },
  {
   "cell_type": "code",
   "execution_count": 15,
   "metadata": {},
   "outputs": [
    {
     "data": {
      "text/plain": [
       "array([[1.5, 0. , 0. ],\n",
       "       [0. , 1.5, 0. ],\n",
       "       [0. , 0. , 1.5]])"
      ]
     },
     "execution_count": 15,
     "metadata": {},
     "output_type": "execute_result"
    }
   ],
   "source": [
    "DT"
   ]
  },
  {
   "cell_type": "code",
   "execution_count": 16,
   "metadata": {},
   "outputs": [],
   "source": [
    "diag_CT = 1e9*np.array([1, 1, 1]) # [Nm2] p. 4721 in [3]"
   ]
  },
  {
   "cell_type": "code",
   "execution_count": 17,
   "metadata": {},
   "outputs": [],
   "source": [
    "CT=np.diag(diag_CT)"
   ]
  },
  {
   "cell_type": "code",
   "execution_count": 18,
   "metadata": {},
   "outputs": [
    {
     "data": {
      "text/plain": [
       "array([[1.e+09, 0.e+00, 0.e+00],\n",
       "       [0.e+00, 1.e+09, 0.e+00],\n",
       "       [0.e+00, 0.e+00, 1.e+09]])"
      ]
     },
     "execution_count": 18,
     "metadata": {},
     "output_type": "execute_result"
    }
   ],
   "source": [
    "CT"
   ]
  },
  {
   "cell_type": "code",
   "execution_count": 19,
   "metadata": {},
   "outputs": [],
   "source": [
    "# angles should be in radians, otherwise np.radians them  \n",
    "def Re_t_(arr):\n",
    "    φ,θ,ψ=arr[0],arr[1],arr[2]\n",
    "  \n",
    "    Cφ=np.matrix([[1,0,0],\n",
    "                      [0,np.cos(φ),-np.sin(φ)],\n",
    "                      [0,np.sin(φ),np.cos(φ)]])\n",
    "\n",
    "    Cθ=np.matrix([[np.cos(θ),0,np.sin(θ)],\n",
    "                      [0,1,0],\n",
    "                      [-np.sin(θ),0,np.cos(θ)]])\n",
    "\n",
    "    Cψ=np.matrix([[np.cos(ψ),-np.sin(ψ),0],\n",
    "                      [np.sin(ψ),np.cos(ψ),0],\n",
    "                      [0,0,1]])\n",
    "        \n",
    "\n",
    "    return np.array(np.dot(np.dot(Cφ,Cθ),Cψ) )"
   ]
  },
  {
   "cell_type": "code",
   "execution_count": 20,
   "metadata": {},
   "outputs": [
    {
     "data": {
      "text/plain": [
       "array([[ 0.41198225,  0.05872664,  0.90929743],\n",
       "       [-0.68124272, -0.64287284,  0.35017549],\n",
       "       [ 0.60512725, -0.76371834, -0.2248451 ]])"
      ]
     },
     "execution_count": 20,
     "metadata": {},
     "output_type": "execute_result"
    }
   ],
   "source": [
    "Re_t_([1,2,3])"
   ]
  },
  {
   "cell_type": "code",
   "execution_count": 21,
   "metadata": {},
   "outputs": [],
   "source": [
    "rng = np.random.default_rng()"
   ]
  },
  {
   "cell_type": "code",
   "execution_count": 22,
   "metadata": {},
   "outputs": [],
   "source": [
    "φ, θ, ψ = rng.standard_normal(node_N),rng.standard_normal(node_N),rng.standard_normal(node_N)"
   ]
  },
  {
   "cell_type": "code",
   "execution_count": 23,
   "metadata": {},
   "outputs": [],
   "source": [
    "def Re_t(a,b,c):\n",
    "    xyz=np.stack((a,b,c), axis=1)\n",
    "    return np.apply_along_axis(Re_t_, 1, xyz)"
   ]
  },
  {
   "cell_type": "code",
   "execution_count": 24,
   "metadata": {},
   "outputs": [
    {
     "data": {
      "text/plain": [
       "array([[ 0.31339593, -0.07414403, -0.94672364],\n",
       "       [ 0.20875563,  0.9779392 , -0.0074839 ],\n",
       "       [ 0.92639305, -0.19528846,  0.32196015]])"
      ]
     },
     "execution_count": 24,
     "metadata": {},
     "output_type": "execute_result"
    }
   ],
   "source": [
    "Re_t_(np.array([φ[0], θ[0], ψ[0]]))"
   ]
  },
  {
   "cell_type": "code",
   "execution_count": 25,
   "metadata": {
    "scrolled": true
   },
   "outputs": [
    {
     "name": "stdout",
     "output_type": "stream",
     "text": [
      "0:00:00.004531\n"
     ]
    }
   ],
   "source": [
    "startTime1 = datetime.now()\n",
    "Ret=Re_t(φ,θ,ψ)\n",
    "print(datetime.now() - startTime1)"
   ]
  },
  {
   "cell_type": "code",
   "execution_count": 26,
   "metadata": {},
   "outputs": [
    {
     "data": {
      "text/plain": [
       "array([[[ 0.31339593, -0.07414403, -0.94672364],\n",
       "        [ 0.20875563,  0.9779392 , -0.0074839 ],\n",
       "        [ 0.92639305, -0.19528846,  0.32196015]],\n",
       "\n",
       "       [[ 0.66017735, -0.24205685,  0.71103751],\n",
       "        [ 0.72913763,  0.43382331, -0.52929732],\n",
       "        [-0.18034461,  0.86787431,  0.46289308]],\n",
       "\n",
       "       [[ 0.70641432,  0.19999942,  0.67895438],\n",
       "        [-0.60083714,  0.6764861 ,  0.42586533],\n",
       "        [-0.37413038, -0.70877837,  0.59804655]],\n",
       "\n",
       "       [[ 0.21808019, -0.55034246,  0.80595546],\n",
       "        [ 0.39098116,  0.80593121,  0.44453191],\n",
       "        [-0.89418945,  0.2181698 ,  0.39093116]],\n",
       "\n",
       "       [[ 0.90704651,  0.34574396, -0.24026598],\n",
       "        [-0.41545695,  0.82753917, -0.37759031],\n",
       "        [ 0.06827995,  0.44231215,  0.89425825]],\n",
       "\n",
       "       [[ 0.29554418, -0.88938399,  0.34878326],\n",
       "        [ 0.95320342,  0.29887233, -0.04559125],\n",
       "        [-0.06369354,  0.34593562,  0.93609384]],\n",
       "\n",
       "       [[ 0.73913732,  0.48188081,  0.4706027 ],\n",
       "        [ 0.6725208 , -0.4892901 , -0.55525757],\n",
       "        [-0.03730673,  0.7269017 , -0.68572744]],\n",
       "\n",
       "       [[ 0.45231055, -0.5527782 , -0.69989386],\n",
       "        [ 0.82458913, -0.03980066,  0.56433029],\n",
       "        [-0.33980572, -0.83237742,  0.43781264]],\n",
       "\n",
       "       [[ 0.30723019,  0.6479955 ,  0.69693001],\n",
       "        [-0.88234175,  0.46831007, -0.04646204],\n",
       "        [-0.35648654, -0.6006559 ,  0.71563247]],\n",
       "\n",
       "       [[-0.28759419, -0.51988421,  0.80436931],\n",
       "        [ 0.40907333, -0.82606766, -0.38764833],\n",
       "        [ 0.86599572,  0.21756063,  0.45024303]],\n",
       "\n",
       "       [[-0.42010049, -0.20537357, -0.88393284],\n",
       "        [ 0.29194519,  0.89168575, -0.34592561],\n",
       "        [ 0.8592343 , -0.40338346, -0.3146398 ]],\n",
       "\n",
       "       [[ 0.57971603, -0.50701405,  0.63786054],\n",
       "        [ 0.26968264,  0.85809507,  0.43697154],\n",
       "        [-0.7688957 , -0.0812995 ,  0.63418436]],\n",
       "\n",
       "       [[ 0.0951557 ,  0.62315452, -0.7762885 ],\n",
       "        [ 0.77069625, -0.53969299, -0.33876064],\n",
       "        [-0.63005768, -0.56604763, -0.53161772]],\n",
       "\n",
       "       [[ 0.56948608,  0.17335409, -0.80351351],\n",
       "        [ 0.78451677,  0.17719645,  0.59425151],\n",
       "        [ 0.24539567, -0.96878779, -0.03508828]],\n",
       "\n",
       "       [[ 0.83218233,  0.53750104, -0.13625416],\n",
       "        [ 0.04410129, -0.30910185, -0.95000585],\n",
       "        [-0.55274555,  0.7845691 , -0.28093359]],\n",
       "\n",
       "       [[-0.30381248, -0.93651014,  0.17506208],\n",
       "        [-0.94547978,  0.31899481,  0.06565282],\n",
       "        [-0.11732843, -0.14557151, -0.98236601]],\n",
       "\n",
       "       [[ 0.70895547,  0.70362672,  0.04787045],\n",
       "        [-0.70138911,  0.71054065, -0.05643847],\n",
       "        [-0.07372552,  0.00643655,  0.9972578 ]],\n",
       "\n",
       "       [[ 0.62389523,  0.02983088,  0.78093845],\n",
       "        [ 0.74594954,  0.27526183, -0.6064571 ],\n",
       "        [-0.2330537 ,  0.96090636,  0.14948222]],\n",
       "\n",
       "       [[ 0.96180946, -0.27186522,  0.03180997],\n",
       "        [ 0.07481647,  0.1493241 , -0.98595376],\n",
       "        [ 0.26329653,  0.95067956,  0.16396133]],\n",
       "\n",
       "       [[ 0.10161449,  0.86944652,  0.48346379],\n",
       "        [-0.90900351, -0.11631375,  0.4002296 ],\n",
       "        [ 0.40421172, -0.48013941,  0.77851078]],\n",
       "\n",
       "       [[ 0.28373735, -0.59112441, -0.75502652],\n",
       "        [ 0.56471493,  0.73936918, -0.36664732],\n",
       "        [ 0.77497752, -0.32234321,  0.54360343]],\n",
       "\n",
       "       [[ 0.83490171,  0.47779411,  0.27322504],\n",
       "        [-0.34862124,  0.07492805,  0.93426389],\n",
       "        [ 0.42591356, -0.87527057,  0.22912673]],\n",
       "\n",
       "       [[ 0.05475732, -0.78089727, -0.62225485],\n",
       "        [ 0.54661412,  0.54495853, -0.63579337],\n",
       "        [ 0.83559239, -0.30531895,  0.45668994]],\n",
       "\n",
       "       [[ 0.78914574,  0.36197591,  0.49620806],\n",
       "        [-0.52157909, -0.03169293,  0.85261411],\n",
       "        [ 0.32435206, -0.93164854,  0.16378873]],\n",
       "\n",
       "       [[-0.19920524,  0.47594295,  0.85661869],\n",
       "        [ 0.35955684,  0.84867102, -0.38791284],\n",
       "        [-0.91161184,  0.23072884, -0.34018826]],\n",
       "\n",
       "       [[-0.11411027,  0.35086505,  0.92944745],\n",
       "        [-0.41264463,  0.83429923, -0.36560801],\n",
       "        [-0.90371636, -0.42525112,  0.04958047]],\n",
       "\n",
       "       [[-0.22267766, -0.02662248, -0.97452855],\n",
       "        [ 0.00713511,  0.99955578, -0.02893654],\n",
       "        [ 0.97486602, -0.01339689, -0.22238879]],\n",
       "\n",
       "       [[ 0.97664188,  0.11351821, -0.18243975],\n",
       "        [-0.02177679,  0.89697585,  0.44154286],\n",
       "        [ 0.2137672 , -0.42725629,  0.87849624]],\n",
       "\n",
       "       [[ 0.09150523, -0.21495027,  0.97232874],\n",
       "        [ 0.68827797,  0.71929978,  0.0942404 ],\n",
       "        [-0.71965285,  0.66060897,  0.21376522]],\n",
       "\n",
       "       [[ 0.81915312,  0.57045249,  0.0597673 ],\n",
       "        [-0.5732809 ,  0.81761214,  0.05347337],\n",
       "        [-0.01836245, -0.07806633,  0.99677905]],\n",
       "\n",
       "       [[ 0.51202917,  0.48594129,  0.7082988 ],\n",
       "        [-0.8542399 ,  0.37447413,  0.3606152 ],\n",
       "        [-0.09000176, -0.78970259,  0.60685212]],\n",
       "\n",
       "       [[-0.06193693, -0.12878754,  0.98973612],\n",
       "        [-0.95488648,  0.29621254, -0.02121197],\n",
       "        [-0.29044041, -0.94639944, -0.14132398]],\n",
       "\n",
       "       [[-0.79465616, -0.07364183,  0.60257653],\n",
       "        [-0.03378656,  0.99644142,  0.07722018],\n",
       "        [-0.60611885,  0.0410045 , -0.79431642]],\n",
       "\n",
       "       [[ 0.2200019 , -0.22159278,  0.94999779],\n",
       "        [ 0.50660256, -0.80628209, -0.30538999],\n",
       "        [ 0.83363842,  0.54845769, -0.06512413]],\n",
       "\n",
       "       [[ 0.63948043,  0.24470484, -0.72882393],\n",
       "        [-0.14575145,  0.96938867,  0.19759079],\n",
       "        [ 0.75486508, -0.0201283 ,  0.65557117]],\n",
       "\n",
       "       [[ 0.94174087, -0.05877464, -0.33116412],\n",
       "        [ 0.33581169,  0.21943845,  0.91601161],\n",
       "        [ 0.01883189, -0.97385436,  0.22639137]],\n",
       "\n",
       "       [[ 0.03385672, -0.74064465,  0.67104338],\n",
       "        [ 0.88151215,  0.33851779,  0.32915351],\n",
       "        [-0.47094591,  0.58038884,  0.66434836]],\n",
       "\n",
       "       [[ 0.82457054, -0.18998956, -0.53290467],\n",
       "        [-0.36613771,  0.53888137, -0.75865014],\n",
       "        [ 0.43130801,  0.82067706,  0.37478336]],\n",
       "\n",
       "       [[ 0.73893383, -0.64150903, -0.20601688],\n",
       "        [ 0.66100146,  0.74946598,  0.03711905],\n",
       "        [ 0.13059043, -0.16360598,  0.97784417]],\n",
       "\n",
       "       [[-0.15122557,  0.53816722, -0.82916034],\n",
       "        [-0.81621345, -0.54114913, -0.20236903],\n",
       "        [-0.55760778,  0.64616845,  0.52109491]]])"
      ]
     },
     "execution_count": 26,
     "metadata": {},
     "output_type": "execute_result"
    }
   ],
   "source": [
    "Ret"
   ]
  },
  {
   "cell_type": "code",
   "execution_count": 27,
   "metadata": {},
   "outputs": [
    {
     "data": {
      "text/plain": [
       "(40, 3, 3)"
      ]
     },
     "execution_count": 27,
     "metadata": {},
     "output_type": "execute_result"
    }
   ],
   "source": [
    "Ret.shape"
   ]
  },
  {
   "cell_type": "code",
   "execution_count": 28,
   "metadata": {},
   "outputs": [],
   "source": [
    "dx,dy,dz=rng.standard_normal(node_N),rng.standard_normal(node_N),rng.standard_normal(node_N)"
   ]
  },
  {
   "cell_type": "code",
   "execution_count": 29,
   "metadata": {},
   "outputs": [],
   "source": [
    "def C1(dx,dy,dz, Ret):\n",
    "    B=np.vstack([dx**2,(dy**2+dz**2)**0.5*dy,(dy**2+dz**2)**0.5*dz])\n",
    "#     print(np.dot(Ret[0],B.T[0]))\n",
    "    ans=np.einsum('ijk,ik->ij', Ret,B.T.astype(np.float32))\n",
    "    return ans.T"
   ]
  },
  {
   "cell_type": "code",
   "execution_count": 30,
   "metadata": {},
   "outputs": [
    {
     "data": {
      "text/plain": [
       "array([6.16040421e-01, 2.78030425e-01, 1.94706919e-01, 6.02668938e-03,\n",
       "       1.62296814e+00, 6.11274268e-01, 1.44244244e+00, 7.54427690e-04,\n",
       "       7.45004315e-01, 2.16443617e+00, 2.59408293e+00, 3.73917910e-01,\n",
       "       4.47317064e-01, 1.80391388e-01, 2.58748625e-02, 9.78760075e-01,\n",
       "       7.10381879e-02, 3.73232658e-07, 7.71492910e-02, 8.06749468e-02,\n",
       "       2.25772604e-01, 1.35835321e+00, 3.50194858e-06, 6.32392982e-02,\n",
       "       5.77960050e-01, 4.12430548e-01, 3.82999489e-01, 3.15529226e-02,\n",
       "       1.20738945e+00, 8.41877780e-01, 4.50339516e-02, 2.48916700e+00,\n",
       "       2.51353718e-01, 1.15624736e-04, 1.11459817e+00, 1.31421799e-01,\n",
       "       2.71686194e-01, 1.25988634e-02, 1.21928950e+00, 8.93039452e-01])"
      ]
     },
     "execution_count": 30,
     "metadata": {},
     "output_type": "execute_result"
    }
   ],
   "source": [
    "dx**2"
   ]
  },
  {
   "cell_type": "code",
   "execution_count": 31,
   "metadata": {},
   "outputs": [
    {
     "data": {
      "text/plain": [
       "array([[-2.01400979e+00,  5.09374475e-01, -2.02407939e-01,\n",
       "         6.36640121e-01,  9.30920664e-01, -2.79167526e-01,\n",
       "         2.21084499e+00,  2.19538756e-01, -2.66217868e+00,\n",
       "        -1.92188053e+00, -6.55504336e+00, -1.40549865e+00,\n",
       "         2.42547234e+00,  1.43943511e+00,  3.42977989e-01,\n",
       "        -3.41256280e-01, -1.94749725e+00,  3.34063092e+00,\n",
       "         5.25844766e-03,  4.64134235e+00,  5.14056677e+00,\n",
       "         1.34256054e+00,  4.32610618e-03,  9.02712964e-02,\n",
       "         2.50121173e-03,  4.16147543e-01, -7.83786576e-01,\n",
       "        -1.36696607e-01, -3.73032601e+00,  1.75282932e+00,\n",
       "         3.72444618e-01,  7.02889728e-01, -1.96188986e-01,\n",
       "        -3.11856441e-02,  3.80659682e+00, -2.34639673e-02,\n",
       "        -3.43198266e+00, -2.96782877e-01,  1.28596701e+00,\n",
       "        -3.14071981e-01],\n",
       "       [-1.90747517e+00,  1.59410893e-01, -4.67197165e-01,\n",
       "        -2.56385832e-01, -2.01340343e+00,  7.30270946e-01,\n",
       "        -3.60674356e-01,  2.36136533e-01, -6.16250512e-01,\n",
       "        -2.48709818e+00, -1.38853365e+00,  2.45552908e+00,\n",
       "        -2.10819068e+00, -7.26428158e-01, -1.34805805e-01,\n",
       "        -9.11378369e-01, -2.09600159e+00, -5.18838562e+00,\n",
       "         5.25562994e-01,  6.08758819e-01, -1.33714204e-02,\n",
       "        -6.80100104e-01, -3.02504481e-01,  3.80904082e-01,\n",
       "        -3.11517408e-01, -1.53070389e+00,  2.74359616e-01,\n",
       "         6.02909005e-01, -9.98638479e-01,  9.35242770e-01,\n",
       "         1.77551595e-01, -2.16557847e+00, -7.90553306e-03,\n",
       "         3.68142542e-02, -1.14933331e+00,  3.04858425e-01,\n",
       "         3.10825011e+00, -5.10008152e-01,  3.31281548e-01,\n",
       "        -1.21275882e+00],\n",
       "       [ 1.77615654e+00,  9.67478589e-01, -1.52303519e-01,\n",
       "         3.64239154e-02, -8.48019209e-01,  3.63645393e-02,\n",
       "        -1.36397348e+00,  8.63025154e-01, -2.85890856e+00,\n",
       "         3.03595031e+00,  2.85930857e-01, -6.84741046e-01,\n",
       "        -2.92242165e+00, -2.83019670e-01,  4.58801068e-01,\n",
       "        -1.14143913e-01,  2.49380132e-01, -7.66377259e+00,\n",
       "         1.24463856e-01,  4.01797348e-01, -1.58100994e+00,\n",
       "         8.21343645e-04,  1.97608116e-01,  5.87860291e-01,\n",
       "        -7.57412871e-01,  1.90014786e-01,  2.11834373e-01,\n",
       "         8.33551514e-01, -3.10715739e+00,  3.14778345e+00,\n",
       "        -6.66997739e-02, -1.60039788e+00, -1.57038218e-01,\n",
       "        -1.40032769e-02, -1.97010443e+00,  2.71580607e+00,\n",
       "         4.99437049e+00,  1.63651173e-01,  3.83392697e-01,\n",
       "         2.58831227e-01]])"
      ]
     },
     "execution_count": 31,
     "metadata": {},
     "output_type": "execute_result"
    }
   ],
   "source": [
    "C1(dx,dy,dz,Ret)"
   ]
  },
  {
   "cell_type": "code",
   "execution_count": 32,
   "metadata": {},
   "outputs": [
    {
     "data": {
      "text/plain": [
       "(3, 40)"
      ]
     },
     "execution_count": 32,
     "metadata": {},
     "output_type": "execute_result"
    }
   ],
   "source": [
    "C1(dx,dy,dz,Ret).shape"
   ]
  },
  {
   "cell_type": "code",
   "execution_count": 33,
   "metadata": {},
   "outputs": [
    {
     "name": "stdout",
     "output_type": "stream",
     "text": [
      "0:00:00.000210\n"
     ]
    }
   ],
   "source": [
    "startTime1 = datetime.now()\n",
    "C1(dx,dy,dz,Ret)\n",
    "print(datetime.now() - startTime1)"
   ]
  },
  {
   "cell_type": "code",
   "execution_count": 34,
   "metadata": {},
   "outputs": [],
   "source": [
    "def fD(dx,dy,dz,DT,Ret):\n",
    "    return 1/2*d0*qw*np.dot(DT, C1(dx,dy,dz,Ret))*9.81"
   ]
  },
  {
   "cell_type": "code",
   "execution_count": 35,
   "metadata": {},
   "outputs": [
    {
     "data": {
      "text/plain": [
       "array([-11558.47054882, -10947.06471269,  10193.42264844])"
      ]
     },
     "execution_count": 35,
     "metadata": {},
     "output_type": "execute_result"
    }
   ],
   "source": [
    "1/2*d0*qw*np.dot(DT,C1(dx,dy,dz,Ret).T[0])*9.81"
   ]
  },
  {
   "cell_type": "code",
   "execution_count": 36,
   "metadata": {},
   "outputs": [
    {
     "data": {
      "text/plain": [
       "array([[-1.15584705e+04,  2.92331740e+03, -1.16162603e+03,\n",
       "         3.65369926e+03,  5.34258528e+03, -1.60215191e+03,\n",
       "         1.26881144e+04,  1.25994037e+03, -1.52783338e+04,\n",
       "        -1.10297376e+04, -3.76196163e+04, -8.06620443e+03,\n",
       "         1.39198681e+04,  8.26096694e+03,  1.96836232e+03,\n",
       "        -1.95848137e+03, -1.11767528e+04,  1.91719942e+04,\n",
       "         3.01784096e+01,  2.66368212e+04,  2.95018871e+04,\n",
       "         7.70500052e+03,  2.48276702e+01,  5.18070034e+02,\n",
       "         1.43545390e+01,  2.38828487e+03, -4.49817776e+03,\n",
       "        -7.84506467e+02, -2.14084675e+04,  1.00595470e+04,\n",
       "         2.13747230e+03,  4.03390800e+03, -1.12593525e+03,\n",
       "        -1.78975470e+02,  2.18461884e+04, -1.34660505e+02,\n",
       "        -1.96962650e+04, -1.70324700e+03,  7.38020834e+03,\n",
       "        -1.80246976e+03],\n",
       "       [-1.09470647e+04,  9.14864526e+02, -2.68126039e+03,\n",
       "        -1.47140699e+03, -1.15549906e+04,  4.19104974e+03,\n",
       "        -2.06992237e+03,  1.35519558e+03, -3.53668260e+03,\n",
       "        -1.42735408e+04, -7.96884177e+03,  1.40923647e+04,\n",
       "        -1.20989779e+04, -4.16899585e+03, -7.73655091e+02,\n",
       "        -5.23043139e+03, -1.20290243e+04, -2.97763212e+04,\n",
       "         3.01622386e+03,  3.49368752e+03, -7.67390354e+01,\n",
       "        -3.90311758e+03, -1.73608348e+03,  2.18602145e+03,\n",
       "        -1.78780898e+03, -8.78476155e+03,  1.57455914e+03,\n",
       "         3.46011524e+03, -5.73122012e+03,  5.36739000e+03,\n",
       "         1.01897463e+03, -1.24283283e+04, -4.53701225e+01,\n",
       "         2.11278254e+02, -6.59606290e+03,  1.74959285e+03,\n",
       "         1.78383529e+04, -2.92695409e+03,  1.90123604e+03,\n",
       "        -6.96006401e+03],\n",
       "       [ 1.01934226e+04,  5.55239245e+03, -8.74075065e+02,\n",
       "         2.09038086e+02, -4.86681102e+03,  2.08697325e+02,\n",
       "        -7.82789012e+03,  4.95293065e+03, -1.64073732e+04,\n",
       "         1.74234218e+04,  1.64096689e+03, -3.92975210e+03,\n",
       "        -1.67718770e+04, -1.62425949e+03,  2.63307490e+03,\n",
       "        -6.55075790e+02,  1.43120104e+03, -4.39826510e+04,\n",
       "         7.14302293e+02,  2.30592861e+03, -9.07346968e+03,\n",
       "         4.71371906e+00,  1.13407968e+03,  3.37375016e+03,\n",
       "        -4.34681817e+03,  1.09050131e+03,  1.21572466e+03,\n",
       "         4.78378043e+03, -1.78320817e+04,  1.80652360e+04,\n",
       "        -3.82792266e+02, -9.18473773e+03, -9.01247665e+02,\n",
       "        -8.03652811e+01, -1.13064962e+04,  1.55861032e+04,\n",
       "         2.86628618e+04,  9.39199637e+02,  2.20030370e+03,\n",
       "         1.48544120e+03]])"
      ]
     },
     "execution_count": 36,
     "metadata": {},
     "output_type": "execute_result"
    }
   ],
   "source": [
    "fD(dx,dy,dz,DT,Ret)"
   ]
  },
  {
   "cell_type": "code",
   "execution_count": 37,
   "metadata": {},
   "outputs": [
    {
     "data": {
      "text/plain": [
       "array([[-1.15584705e+04, -1.09470647e+04,  1.01934226e+04],\n",
       "       [ 2.92331740e+03,  9.14864526e+02,  5.55239245e+03],\n",
       "       [-1.16162603e+03, -2.68126039e+03, -8.74075065e+02],\n",
       "       [ 3.65369926e+03, -1.47140699e+03,  2.09038086e+02],\n",
       "       [ 5.34258528e+03, -1.15549906e+04, -4.86681102e+03],\n",
       "       [-1.60215191e+03,  4.19104974e+03,  2.08697325e+02],\n",
       "       [ 1.26881144e+04, -2.06992237e+03, -7.82789012e+03],\n",
       "       [ 1.25994037e+03,  1.35519558e+03,  4.95293065e+03],\n",
       "       [-1.52783338e+04, -3.53668260e+03, -1.64073732e+04],\n",
       "       [-1.10297376e+04, -1.42735408e+04,  1.74234218e+04],\n",
       "       [-3.76196163e+04, -7.96884177e+03,  1.64096689e+03],\n",
       "       [-8.06620443e+03,  1.40923647e+04, -3.92975210e+03],\n",
       "       [ 1.39198681e+04, -1.20989779e+04, -1.67718770e+04],\n",
       "       [ 8.26096694e+03, -4.16899585e+03, -1.62425949e+03],\n",
       "       [ 1.96836232e+03, -7.73655091e+02,  2.63307490e+03],\n",
       "       [-1.95848137e+03, -5.23043139e+03, -6.55075790e+02],\n",
       "       [-1.11767528e+04, -1.20290243e+04,  1.43120104e+03],\n",
       "       [ 1.91719942e+04, -2.97763212e+04, -4.39826510e+04],\n",
       "       [ 3.01784096e+01,  3.01622386e+03,  7.14302293e+02],\n",
       "       [ 2.66368212e+04,  3.49368752e+03,  2.30592861e+03],\n",
       "       [ 2.95018871e+04, -7.67390354e+01, -9.07346968e+03],\n",
       "       [ 7.70500052e+03, -3.90311758e+03,  4.71371906e+00],\n",
       "       [ 2.48276702e+01, -1.73608348e+03,  1.13407968e+03],\n",
       "       [ 5.18070034e+02,  2.18602145e+03,  3.37375016e+03],\n",
       "       [ 1.43545390e+01, -1.78780898e+03, -4.34681817e+03],\n",
       "       [ 2.38828487e+03, -8.78476155e+03,  1.09050131e+03],\n",
       "       [-4.49817776e+03,  1.57455914e+03,  1.21572466e+03],\n",
       "       [-7.84506467e+02,  3.46011524e+03,  4.78378043e+03],\n",
       "       [-2.14084675e+04, -5.73122012e+03, -1.78320817e+04],\n",
       "       [ 1.00595470e+04,  5.36739000e+03,  1.80652360e+04],\n",
       "       [ 2.13747230e+03,  1.01897463e+03, -3.82792266e+02],\n",
       "       [ 4.03390800e+03, -1.24283283e+04, -9.18473773e+03],\n",
       "       [-1.12593525e+03, -4.53701225e+01, -9.01247665e+02],\n",
       "       [-1.78975470e+02,  2.11278254e+02, -8.03652811e+01],\n",
       "       [ 2.18461884e+04, -6.59606290e+03, -1.13064962e+04],\n",
       "       [-1.34660505e+02,  1.74959285e+03,  1.55861032e+04],\n",
       "       [-1.96962650e+04,  1.78383529e+04,  2.86628618e+04],\n",
       "       [-1.70324700e+03, -2.92695409e+03,  9.39199637e+02],\n",
       "       [ 7.38020834e+03,  1.90123604e+03,  2.20030370e+03],\n",
       "       [-1.80246976e+03, -6.96006401e+03,  1.48544120e+03]])"
      ]
     },
     "execution_count": 37,
     "metadata": {},
     "output_type": "execute_result"
    }
   ],
   "source": [
    "fD(dx,dy,dz,DT,Ret).T"
   ]
  },
  {
   "cell_type": "code",
   "execution_count": 38,
   "metadata": {},
   "outputs": [
    {
     "name": "stdout",
     "output_type": "stream",
     "text": [
      "0:00:00.000616\n"
     ]
    }
   ],
   "source": [
    "startTime1 = datetime.now()\n",
    "fD(dx,dy,dz,DT,Ret)\n",
    "print(datetime.now() - startTime1)"
   ]
  },
  {
   "cell_type": "code",
   "execution_count": 39,
   "metadata": {},
   "outputs": [],
   "source": [
    "# https://docs.scipy.org/doc/scipy-1.8.0/tutorial/integrate.html  \n",
    "# 1-D Gray-Scott "
   ]
  },
  {
   "cell_type": "code",
   "execution_count": 40,
   "metadata": {},
   "outputs": [],
   "source": [
    "I=np.identity(3)"
   ]
  },
  {
   "cell_type": "code",
   "execution_count": 41,
   "metadata": {},
   "outputs": [
    {
     "name": "stdout",
     "output_type": "stream",
     "text": [
      "0:00:00.000234\n"
     ]
    }
   ],
   "source": [
    "startTime1 = datetime.now()\n",
    "np.dot(I,fD(dx,dy,dz,DT,Ret))\n",
    "print(datetime.now() - startTime1)"
   ]
  },
  {
   "cell_type": "code",
   "execution_count": 42,
   "metadata": {},
   "outputs": [],
   "source": [
    "Rb_t=I # https://www.researchgate.net/profile/Thor-Fossen/publication/224560837_Modeling_and_Control_of_Offshore_Pipelay_Operations_Based_on_a_Finite_Strain_Pipe_Model/links/00b7d520e175a3f918000000/Modeling-and-Control-of-Offshore-Pipelay-Operations-Based-on-a-Finite-Strain-Pipe-Model.pdf"
   ]
  },
  {
   "cell_type": "code",
   "execution_count": 43,
   "metadata": {},
   "outputs": [
    {
     "data": {
      "text/plain": [
       "array([[1., 0., 0.],\n",
       "       [0., 1., 0.],\n",
       "       [0., 0., 1.]])"
      ]
     },
     "execution_count": 43,
     "metadata": {},
     "output_type": "execute_result"
    }
   ],
   "source": [
    "Rb_t"
   ]
  },
  {
   "cell_type": "code",
   "execution_count": 44,
   "metadata": {},
   "outputs": [],
   "source": [
    "diag_DR = 1.5*np.array([1, 1, 1]) # [N m/rad]  p.4721 in [3]"
   ]
  },
  {
   "cell_type": "code",
   "execution_count": 45,
   "metadata": {},
   "outputs": [],
   "source": [
    "DR=np.diag(diag_DR) "
   ]
  },
  {
   "cell_type": "code",
   "execution_count": 46,
   "metadata": {},
   "outputs": [],
   "source": [
    "dI= 0.69# Inner diameter of pipe, [m]"
   ]
  },
  {
   "cell_type": "code",
   "execution_count": 47,
   "metadata": {},
   "outputs": [],
   "source": [
    "Ar=math.pi*((d0/2)**2-(dI/2)**2)"
   ]
  },
  {
   "cell_type": "code",
   "execution_count": 48,
   "metadata": {},
   "outputs": [
    {
     "data": {
      "text/plain": [
       "0.08091250419136858"
      ]
     },
     "execution_count": 48,
     "metadata": {},
     "output_type": "execute_result"
    }
   ],
   "source": [
    "Ar"
   ]
  },
  {
   "cell_type": "code",
   "execution_count": 49,
   "metadata": {},
   "outputs": [],
   "source": [
    "fg_e=np.array([[0,0,(mp-qw*Ar)*9.81] for x in range(node_N)])"
   ]
  },
  {
   "cell_type": "code",
   "execution_count": 50,
   "metadata": {},
   "outputs": [
    {
     "data": {
      "text/plain": [
       "array([[  0.        ,   0.        , 128.16454223],\n",
       "       [  0.        ,   0.        , 128.16454223],\n",
       "       [  0.        ,   0.        , 128.16454223],\n",
       "       [  0.        ,   0.        , 128.16454223],\n",
       "       [  0.        ,   0.        , 128.16454223],\n",
       "       [  0.        ,   0.        , 128.16454223],\n",
       "       [  0.        ,   0.        , 128.16454223],\n",
       "       [  0.        ,   0.        , 128.16454223],\n",
       "       [  0.        ,   0.        , 128.16454223],\n",
       "       [  0.        ,   0.        , 128.16454223],\n",
       "       [  0.        ,   0.        , 128.16454223],\n",
       "       [  0.        ,   0.        , 128.16454223],\n",
       "       [  0.        ,   0.        , 128.16454223],\n",
       "       [  0.        ,   0.        , 128.16454223],\n",
       "       [  0.        ,   0.        , 128.16454223],\n",
       "       [  0.        ,   0.        , 128.16454223],\n",
       "       [  0.        ,   0.        , 128.16454223],\n",
       "       [  0.        ,   0.        , 128.16454223],\n",
       "       [  0.        ,   0.        , 128.16454223],\n",
       "       [  0.        ,   0.        , 128.16454223],\n",
       "       [  0.        ,   0.        , 128.16454223],\n",
       "       [  0.        ,   0.        , 128.16454223],\n",
       "       [  0.        ,   0.        , 128.16454223],\n",
       "       [  0.        ,   0.        , 128.16454223],\n",
       "       [  0.        ,   0.        , 128.16454223],\n",
       "       [  0.        ,   0.        , 128.16454223],\n",
       "       [  0.        ,   0.        , 128.16454223],\n",
       "       [  0.        ,   0.        , 128.16454223],\n",
       "       [  0.        ,   0.        , 128.16454223],\n",
       "       [  0.        ,   0.        , 128.16454223],\n",
       "       [  0.        ,   0.        , 128.16454223],\n",
       "       [  0.        ,   0.        , 128.16454223],\n",
       "       [  0.        ,   0.        , 128.16454223],\n",
       "       [  0.        ,   0.        , 128.16454223],\n",
       "       [  0.        ,   0.        , 128.16454223],\n",
       "       [  0.        ,   0.        , 128.16454223],\n",
       "       [  0.        ,   0.        , 128.16454223],\n",
       "       [  0.        ,   0.        , 128.16454223],\n",
       "       [  0.        ,   0.        , 128.16454223],\n",
       "       [  0.        ,   0.        , 128.16454223]])"
      ]
     },
     "execution_count": 50,
     "metadata": {},
     "output_type": "execute_result"
    }
   ],
   "source": [
    "fg_e"
   ]
  },
  {
   "cell_type": "code",
   "execution_count": 51,
   "metadata": {},
   "outputs": [],
   "source": [
    "# # not checked \n",
    "# def k_sigma(hi,d0,fg_e):\n",
    "#     ans=[]\n",
    "#     for it in hi:\n",
    "#         if it<0:\n",
    "#             ans.append(0)\n",
    "#         elif 0<=it<=d0/20:\n",
    "#             ans.append(np.float64(LA.norm(fg_e,2)/(d0/8-d0/40)*10*it**2/d0))\n",
    "#         else:\n",
    "#             ans.append(np.float64(LA.norm(fg_e,2)/(d0/8-d0/40)*(it-d0/40)))     \n",
    "#     return np.array(ans).reshape(node_N,1)   "
   ]
  },
  {
   "cell_type": "code",
   "execution_count": 52,
   "metadata": {},
   "outputs": [],
   "source": [
    "x,y,z=100*rng.standard_normal(node_N),100*rng.standard_normal(node_N),100*rng.standard_normal(node_N)"
   ]
  },
  {
   "cell_type": "code",
   "execution_count": 53,
   "metadata": {},
   "outputs": [],
   "source": [
    "# # not checked\n",
    "# def hi(x,y,z,d0):\n",
    "#     return (np.dot(np.array([x,y,z]).T,[0,0,1])+d0/2).reshape(node_N,1) "
   ]
  },
  {
   "cell_type": "code",
   "execution_count": 54,
   "metadata": {},
   "outputs": [],
   "source": [
    "# startTime1 = datetime.now()\n",
    "# hi(x,y,z,d0)\n",
    "# print(datetime.now() - startTime1)"
   ]
  },
  {
   "cell_type": "code",
   "execution_count": 55,
   "metadata": {},
   "outputs": [],
   "source": [
    "# k_sigma(hi(x,y,z,d0),d0,fg_e)"
   ]
  },
  {
   "cell_type": "code",
   "execution_count": 56,
   "metadata": {},
   "outputs": [],
   "source": [
    "# startTime1 = datetime.now()\n",
    "# k_sigma(hi(x,y,z,d0),d0,fg_e)\n",
    "# print(datetime.now() - startTime1)"
   ]
  },
  {
   "cell_type": "code",
   "execution_count": 57,
   "metadata": {},
   "outputs": [],
   "source": [
    "# # TODO: force shoud be acting only at nodes that are in contact with the seabed\n",
    "# # not checked\n",
    "# def sigma(x,y,z):\n",
    "#     return (k_sigma(hi(x,y,z,d0),d0,fg_e)*np.array([0,0,1]))"
   ]
  },
  {
   "cell_type": "code",
   "execution_count": 58,
   "metadata": {},
   "outputs": [],
   "source": [
    "# startTime1 = datetime.now()\n",
    "# sigma(x,y,z)\n",
    "# print(datetime.now() - startTime1)"
   ]
  },
  {
   "cell_type": "code",
   "execution_count": 59,
   "metadata": {},
   "outputs": [],
   "source": [
    "def Re_b(Ret):\n",
    "#     return np.dot(Ret, Rb_t ) # (5) in[3]\n",
    "    return Ret"
   ]
  },
  {
   "cell_type": "code",
   "execution_count": 60,
   "metadata": {},
   "outputs": [
    {
     "name": "stdout",
     "output_type": "stream",
     "text": [
      "0:00:00.000143\n"
     ]
    }
   ],
   "source": [
    "startTime1 = datetime.now()\n",
    "Re_b(Ret)\n",
    "print(datetime.now() - startTime1)"
   ]
  },
  {
   "cell_type": "code",
   "execution_count": 61,
   "metadata": {},
   "outputs": [],
   "source": [
    "def phi(x, y, z, Ret,dummy):\n",
    "    B=np.vstack([x,y,z])\n",
    "    return np.einsum('ijk,ik->ij', Ret,B.T.astype(np.float32))"
   ]
  },
  {
   "cell_type": "code",
   "execution_count": 62,
   "metadata": {},
   "outputs": [
    {
     "data": {
      "text/plain": [
       "array([[ -21.13895906,  -95.66563194,  -18.8138265 ],\n",
       "       [-139.78094724,  -43.53944041,  -51.31583053],\n",
       "       [ -20.93659836,  -64.30943471,  169.09522581],\n",
       "       [-111.67750798,  167.00597661,  148.65115756],\n",
       "       [ -73.09626505,  -92.58146894,   67.80103472],\n",
       "       [-125.28918252,  -38.53142244,  -42.76377177],\n",
       "       [ 121.38701274,  127.22815712,  -39.29007139],\n",
       "       [ 190.25101744,  -84.28427986,  -55.46804558],\n",
       "       [ -94.04040679,   63.04896091,   14.72725326],\n",
       "       [  31.41521604,   50.17188804, -126.18707012],\n",
       "       [ 111.22162966,   97.20893584,  -86.31460388],\n",
       "       [   1.95984322, -150.34705643,   99.04725759],\n",
       "       [  -2.62193044,   44.94818892,   37.70286489],\n",
       "       [ -11.17549786,   85.49292497,  116.65556792],\n",
       "       [ -77.856121  ,   -1.42525893,   18.00717921],\n",
       "       [-163.17374371,  -41.15697645,  168.78039741],\n",
       "       [-128.57683523,  -13.40874328,  151.6471778 ],\n",
       "       [ -67.068289  ,    1.77616621,   24.62393601],\n",
       "       [-121.31819748,   95.28329026,  -35.05533556],\n",
       "       [-110.75160121,  -15.95191393,   55.37955949],\n",
       "       [-146.22344701,    2.38742627,  -39.0308995 ],\n",
       "       [ -38.15270021,   31.84387408,  111.72091528],\n",
       "       [   3.25417648,   38.68499317, -133.56225257],\n",
       "       [-114.23512164,   97.59197699, -121.39944728],\n",
       "       [  66.86159856,   92.7512599 ,  -41.67367592],\n",
       "       [-147.64434192, -167.77588609,   49.86308483],\n",
       "       [  -0.45772032,   36.24797264,  247.19304086],\n",
       "       [  -1.25164941,   12.15272742,   83.61205046],\n",
       "       [-117.57753771,   54.49296889,   71.05737037],\n",
       "       [  40.0500218 ,   86.63744679,  -59.22741304],\n",
       "       [  22.31125217,  -96.91835986,   29.12867353],\n",
       "       [ 127.35730831, -140.04476515,   -9.10361051],\n",
       "       [-232.19341585,  -28.41101124,  182.28254529],\n",
       "       [ 100.49086341,   14.16871356,  -29.59927528],\n",
       "       [ -70.53147708,   10.86215567,  -42.26828749],\n",
       "       [ -11.60431693,    3.67425724,  -85.44919576],\n",
